501871
413846
662225
657896
648790
936658
412362
844964
620419
872862
627885
604649
414545
766201
926853
594225
813577
530542
42660
559811
19354
602988
80396
253786
510192
805752
46140
952305
93387
763790
56866
547190
513
974762
892297
432332
23825
881641
799645
660048
990736
542865
709147
88232
824585
707795
273100
490514
725927
683562
386729
855104
260664
476265
102267
340586
389642
243796
94900
615015
724718
469126
92758
549445
546717
815039
929141
487844
370036
719649
128907
567912
89580
902305
186668
813849
994966
915344
950739
974324
187478
976061
769196
328487
183256
864434
310464
746500
740957
47217
217333
27192
196397
737076
6536
587524
839714
699887
871018
222484
121984
623223
298299
911315
723789
647828
661740
292712
773817
907079
198584
479071
749570
173350
31262
621196
847856
957925
145039
694265
859145
663820
304318
227773
830637
636845
550991
953156
54007
214858
247110
591037
162209
120689
734918
250218
371660
798794
612092
162575
