43211
22234
71707
8542
27564
21595
44547
28921
78316
26164
43180
92614
18423
3288
76881
39069
36524
61515
56597
50769
87658
5740
92616
34804
93089
20090
99866
25675
90018
15987
92347
30890
58975
14022
51351
54821
33299
9903
78221
99387
11473
17500
89572
8460
66891
32785
67623
23944
65226
93683
87981
20345
40882
28051
77066
50060
87048
23757
85105
16119
54044
49392
69596
44699
80256
14713
24123
29971
81109
63933
3465
75097
77181
13399
22084
49137
42436
1440
32185
35445
94910
100220
9430
40997
62599
100442
100014
87728
4030
93946
100886
13011
61423
88094
92561
50011
64864
34397
34006
53135
39038
69226
88651
1448
65596
78256
45289
100423
96158
47655
57707
37406
36113
61678
6733
99961
38726
46771
62120
30234
67586
90688
190
89212
29971
72914
5767
53571
94012
91948
60091
63867
19239
72704
89313
5259
90914
88762
42323
77705
16008
36150
4805
95385
34407
42294
73775
20670
49770
93611
47435
28635
75074
15319
18647
34964
66344
51713
58677
60531
69407
1514
29817
3843
14322
33591
84838
42093
31696
68953
3179
85658
98824
68556
38763
79880
95761
62036
95019
66821
25899
79833
5105
51725
52469
43916
56504
49826
23457
69380
21387
68632
62975
75960
99457
30376
27959
25749
53970
56856
73115
14505
8571
52461
56391
69742
43702
66340
79436
41589
92425
16392
45067
98016
48716
4735
73851
38958
25385
57906
13576
10170
17868
69029
35959
75319
70854
35486
99977
65341
54169
7461
23749
40142
93819
93161
13130
6844
6548
87502
8793
87344
47244
28528
70963
31194
55006
87788
11882
23741
63894
39688
42070
20606
19759
96604
84437
12318
3761
74801
77909
14686
67290
40401
85013
18166
19652
56319
52689
55460
38633
10287
8460
64751
73890
20020
86955
60852
74482
24684
9393
40074
69524
18018
83773
80182
64274
85399
69769
10698
42656
37887
44609
73894
88834
73333
67337
85087
60979
89545
3882
75479
91095
38763
93430
79103
82809
5500
36691
78797
36136
28678
62233
42403
26820
13510
86875
5662
4585
5699
73070
82180
3317
14686
69820
3814
69917
10236
64589
39104
51176
37005
99128
17691
8293
10875
20826
74669
35636
100602
79074
93864
2293
98941
73078
1504
60344
47939
26627
59458
67859
68673
45164
28861
31891
96974
62118
36849
71705
47433
3590
49641
41371
48097
19486
28156
85802
7239
49546
39928
99792
20754
36814
33102
20929
24086
6178
8682
85286
46027
59853
44732
1033
23270
62161
51546
53053
78630
23897
73099
16172
70969
100976
55207
51063
76036
57795
47273
14359
51464
86242
10546
96791
93206
55080
47990
78205
91350
41326
77362
62566
40724
74061
14875
32158
67489
76334
46804
25457
64342
4400
87208
42759
63863
8875
69045
21188
83015
62786
15204
43248
12355
41186
72634
60091
49433
50159
12836
51158
80922
22569
44989
52424
75514
43770
75031
16281
44535
70398
13543
96205
69010
52358
30446
56979
7960
79177
81553
69084
43069
97607
76585
24851
10698
83989
63162
87243
37297
65271
32333
63941
76332
3834
80700
75921
4250
100937
38958
80916
73037
44905
79847
19116
69288
16209
58899
94244
86949
32337
17021
69740
51583
77909
32818
20347
63600
32896
79142
62860
6437
88211
28049
72081
90470
45024
71738
10172
89173
55094
36148
8423
97241
37597
27011
73294
14166
76992
25887
18725
26941
97087
17646
51314
52305
57571
34890
37478
58759
25636
33708
48539
87196
7989
47024
61828
23260
56430
75039
51244
8324
77621
8793
9689
79812
11582
3705
78887
79286
62342
35630
75588
82515
80885
15387
52064
20421
54136
50654
21928
5666
43591
63859
32547
83987
63715
17015
78501
67594
10396
5333
79323
36580
78145
6211
70102
97352
11512
7627
73409
33556
100386
52693
51949
12505
96345
64305
66675
5582
18610
46954
81656
44284
86246
76799
94612
29439
62591
19198
85730
55577
40732
50654
8737
18125
81210
58381
74040
19648
74172
52276
85062
92349
12242
16988
44841
95188
78624
77625
37221
69668
81175
61197
35885
46321
7812
85872
16725
38625
73691
98888
68408
75623
67705
45468
18236
50356
52430
53312
34923
93385
55162
43988
60223
88195
46510
23268
85321
97186
15800
7103
83179
62720
75329
78371
48808
97973
50603
86844
17821
84939
53059
41760
60751
46327
28144
53507
74486
58457
28144
17243
22719
11654
60572
62739
93790
54208
100849
97556
66527
58603
78067
23159
25716
4686
70657
9348
52915
74024
65748
36485
75631
79070
73931
58114
73968
98419
4700
43437
61756
75808
42625
92980
91537
1921
72184
37190
53723
217
52613
73931
74484
68992
40590
88824
21124
63053
98526
71878
79656
19428
46288
31815
56393
48716
52097
54430
23788
47912
52506
68227
11845
20240
55721
12974
5035
97704
76326
25529
13196
92240
90170
77177
12949
43665
18460
38816
84680
26639
79500
62636
86135
26382
54794
86289
45587
15397
77292
15027
61308
80437
25533
41474
31714
75615
81952
86509
72408
15535
92532
92057
77132
25311
35149
96867
35266
4369
91126
61970
18384
90281
53647
41149
84581
10328
49620
7251
73707
73596
37737
80700
97083
22890
8951
17985
29003
64155
17385
67668
66402
40909
100886
83917
6883
10396
76624
66451
68511
56938
28273
73553
44543
26053
6988
5397
69600
91691
14466
79481
43768
65863
52284
22277
31155
27634
44323
70821
43217
29938
71286
41110
59234
98259
70449
12207
56013
45768
93716
42666
43406
66735
24641
97011
26976
68971
838
71113
46771
69080
87463
34804
62272
65121
95311
25790
84398
45959
57530
67345
72410
14988
88466
97755
47213
31566
88651
29957
90378
96974
87208
82990
23749
40111
21718
39992
3997
87691
99295
46288
60759
2811
85169
38551
64307
50122
24637
64864
19319
7736
88688
50913
334
37254
81919
9658
80145
86690
86548
6550
20129
74653
6359
21311
32888
1625
39151
75919
14842
67269
94966
14766
22125
91710
35404
62194
43291
84916
13985
80517
76737
1152
17907
16834
28789
68307
59676
15305
38024
80733
93977
34775
26419
38670
33967
32409
20707
75181
72961
28269
9438
94390
67968
56171
33005
98425
99850
45659
98785
5917
5549
70186
16016
58422
28107
12690
90871
35926
6513
12234
13467
69857
100010
50973
56015
13987
14528
95687
48099
9545
80869
12020
96051
63413
90945
7730
76589
14287
99749
68009
5101
76326
59150
97568
74447
56264
17609
88834
93870
6478
22604
65033
99387
57131
98423
75689
100754
19819
91280
42500
80143
88195
6470
88018
73543
49992
74850
84799
88861
100863
13788
15615
44292
19430
98795
34952
36403
45542
30049
54874
60975
70229
77734
17722
52432
25303
35225
21420
20189
48142
10873
97868
87099
31005
49472
72776
59306
5584
42255
61902
96277
13837
94092
66529
43221
58239
32304
79925
53869
43507
92612
25009
14026
50436
3070
78102
43462
98047
65789
42366
37852
87101
95276
92242
75886
39807
65154
88610
5777
67475
87685
38763
86953
30226
97533
62073
42956
85541
41994
62311
64922
21270
91062
42074
64015
33702
5847
99564
55094
88840
53721
83958
38446
73699
34742
19535
92982
44958
71450
11617
6626
7508
77847
89909
13880
93494
95977
64819
100199
20125
83163
2133
99348
58373
75625
30713
10505
19975
67374
38220
87204
59164
78176
36888
75144
48134
223
90540
26183
61647
50835
29969
97815
92425
58669
15874
100756
68636
75890
8830
88943
62344
89432
62229
80221
93790
62350
52467
50950
77066
46644
6536
58455
69339
33749
93537
70229
5777
41696
80581
11095
41696
53859
92098
59088
27821
56570
2217
38035
98676
42551
55762
5952
41291
76476
97593
28596
80314
36487
56907
77890
91461
87582
24156
11835
30415
37079
95669
20238
51690
90836
88953
30641
27862
965
61197
22462
20686
81364
67454
95790
52564
23013
43285
75033
73775
44210
11541
66745
38144
56206
35932
85465
23938
16575
71563
16647
60371
26456
91942
99554
50539
65450
88651
19494
6028
89019
71265
72007
25942
28968
16203
17167
83689
69177
42851
43869
12715
81175
11097
17835
7656
54134
77483
71594
63793
51861
42919
70842
33229
67524
89167
58648
83660
74143
80143
68379
59279
88065
76741
44802
1518
87687
97601
30448
77666
59520
10030
95126
4994
64708
55244
14388
2133
42257
15615
41324
77296
100532
1113
3216
36444
53840
4996
34043
99554
16022
44767
24380
18242
51057
6443
38890
63197
35443
50473
44993
9066
4517
39733
42584
40736
67787
9440
97683
61275
14316
89321
9989
64677
64293
30039
81882
20604
12873
24185
47281
67713
88396
98600
98861
19089
13989
19383
12842
33490
49908
64716
58091
95607
50085
16275
40475
6842
59680
1816
19535
2207
49474
88203
6137
12160
44397
85808
8809
55053
7921
46662
7728
32822
83430
42093
63787
52471
100308
53608
91319
100859
5389
27790
57053
44580
77031
70472
82287
43324
9496
73403
52169
78324
13315
11325
74889
46144
42177
50989
32304
78760
40769
44072
18758
67113
97790
18795
61937
17352
19241
81767
64089
65785
81440
82838
22388
14655
6850
28051
3621
92413
91648
29568
83440
24049
64973
20092
79362
83625
63049
90505
42481
54724
54414
12215
78071
21276
31227
64478
4626
77206
78104
63678
95225
100997
59756
76733
32074
64192
6813
68548
91118
52971
83430
99422
23897
16462
55347
88166
6073
87270
18906
99936
78834
23681
37468
24962
80879
82883
94166
59904
79611
7321
75514
209
20088
98678
33453
17562
62568
2696
89461
72517
76328
35967
74299
81107
11124
22647
34368
54870
69639
18094
33525
61711
30561
56856
27163
85732
24703
22349
3849
87134
47513
55635
10846
87354
54648
26641
6772
27116
93241
50140
14750
78739
47032
14602
65715
764
9915
55094
52572
82735
9134
91278
42843
99036
43398
6552
11613
80439
12694
54081
97128
79370
52545
88207
87508
63859
92466
83101
99979
91839
8322
83323
100553
35412
46952
79434
75107
65329
16756
23422
63269
4733
100405
44874
26902
13171
74928
71931
50685
29975
40964
50492
87761
55318
69150
38335
66032
55094
6729
519
12604
394
81070
11582
24308
16542
71064
20088
37739
90692
66712
80951
56979
52691
59493
69251
11543
67448
68079
32526
53947
83619
10051
44173
15239
40465
66079
59232
88986
34742
89911
98528
100791
79033
73886
700
88546
17463
70332
26382
4665
86174
15535
91948
5701
11360
25673
76665
97196
8061
47061
40436
45098
7572
86877
21163
87806
24491
57571
14649
80439
57567
6248
58169
76704
65487
16240
62712
31930
76704
96935
70628
67697
15167
4326
29784
41186
58128
67082
13159
11475
48802
83173
24267
92709
40742
36154
66673
26086
42999
49838
71000
38152
84281
50543
4686
36995
27015
37297
10694
76367
99340
66447
42111
99091
10059
94314
100127
21716
88209
46654
89025
38152
42070
4628
41805
36855
38855
19819
83140
75851
54903
2328
26347
53830
27449
51875
38919
68377
37106
11983
2947
52841
75448
79103
65382
31630
90168
87270
53748
39521
13436
56790
149
86729
11802
80766
5588
72330
7401
70712
20604
78104
71360
7440
45182
88766
82661
57830
64011
23868
1370
43507
66562
85465
7794
94795
23926
37801
89175
7586
21757
96242
93208
94643
66050
74190
80655
91798
14061
19942
29155
70445
5767
52169
83549
66710
81323
53131
50603
9551
15876
5031
90314
37780
25017
64856
41028
12244
93023
3547
87177
80443
40031
80684
54940
39947
47616
3668
95237
13391
77039
11142
90686
29936
67892
72932
90912
68445
7091
86252
71668
22668
92865
37172
60574
84949
31307
29784
86400
50066
62048
10643
35266
3354
76836
49394
30232
36777
83432
43435
57633
94937
43476
62270
9845
67526
66077
46956
28670
68733
45507
30341
48950
62198
78219
47513
91241
33410
91533
44099
52171
18830
68823
11771
86805
34004
61906
2780
79185
67526
12049
114
53316
30820
33268
52204
69711
84022
20532
93798
98754
67341
92228
13469
80314
21646
74630
44775
4509
73654
93171
73923
73516
4996
22902
10546
20308
60196
15395
65121
16719
32113
5582
3243
77294
47881
62048
3354
37811
43367
39910
19753
92209
86725
46658
24240
83138
3483
28181
96976
708
9496
35743
66264
36514
46393
37402
39075
75078
81952
76252
58609
46216
28181
93761
79148
62905
76369
69489
59427
1485
51616
47026
1738
22643
48724
42253
91315
24384
95241
59168
6803
81064
43291
58718
28008
10162
8951
53653
35301
71411
88910
26117
86752
81960
26824
91266
28417
10727
30487
48882
59713
94131
31934
9023
60975
53871
55538
70891
59536
50132
44913
87358
96816
76106
47770
66453
3705
72930
69407
71853
22557
44508
38072
24053
7691
79882
51840
29751
8988
17204
88805
75220
21566
18569
5401
66716
40810
23716
64893
11837
72521
9027
45809
61752
77333
77771
48134
59417
53721
38512
87613
77798
87541
70782
33591
29566
17837
66124
57160
85356
9510
217
67308
30822
17428
84548
68788
58457
89204
77923
69526
63191
45914
86493
8624
89905
33408
63976
99272
61349
30041
89276
89169
71989
55497
94799
1886
32670
24193
64570
5259
1615
29328
30119
2207
37669
51910
26567
70044
52833
31196
92986
75442
64381
49024
25716
43324
62932
100045
28228
62011
47125
59051
98828
41390
97566
73662
58336
73321
82164
25714
24037
47431
26035
56132
55690
27122
81915
39521
40919
90415
74665
53240
7329
79481
28713
80774
64155
33879
87319
36561
7510
85198
71693
14620
63748
33079
67006
84651
29529
55466
11697
91543
48753
97492
30298
44212
32964
48584
42148
85650
7062
18873
32140
75446
51429
47731
71101
48023
53655
19611
8737
11660
10250
79434
96832
959
30894
50751
93313
5999
29893
16729
73152
36228
22978
11952
43104
93755
54835
26302
20902
60531
20353
34777
48272
32637
69806
94781
32635
45645
94575
72332
46142
76996
44401
98499
19560
27305
25155
57205
13685
11136
62165
62048
57131
2770
43071
72396
76848
25498
76774
52019
69814
81810
17173
80914
85212
53793
54089
58309
13615
32298
59390
72295
12544
43906
45100
14602
2961
87138
77812
70731
23453
2515
38255
8439
27529
37135
42253
55092
55043
65012
45729
25013
16577
89097
4587
43462
74069
36358
70484
82217
99126
9765
24721
89911
49912
67105
3695
671
447
35260
52944
41778
98976
94160
9025
69222
47392
66254
20641
16275
42551
13064
29891
33435
98740
23272
89095
32676
43589
27938
86057
90466
84844
1000
97936
60975
52064
16988
97237
4102
86544
69857
79481
32929
26156
85060
92053
24425
5138
77576
73773
68326
72108
31153
44880
29529
83588
6437
439
57902
48272
2291
98460
67123
9732
28195
41945
67004
96797
62998
10624
26902
81771
4513
75220
95753
34000
42658
96298
6472
46954
97161
17463
54821
71664
13656
82330
9362
3243
17243
27967
5697
95272
39147
63035
34841
83732
90573
9911
10805
70517
46173
74626
3329

